%YAML:1.0
fish2_homography: !!opencv-matrix
   rows: 3
   cols: 3
   dt: d
   data: [ 1.0468573580319465e+00, 8.2196829628625234e-02,
       -3.1341189225710128e+01, 2.2370440544693674e-02,
       1.0184679740910956e+00, -1.5191152945322531e+02,
       1.2335897230659553e-05, 3.0120002541318751e-05, 1. ]
fish2_ref: "fish.jpg"
fish2_points: [ -3.13411884e+01, -1.51911530e+02, 2.06056470e+03,
    -1.03482491e+02, 2.08942407e+03, 1.36092529e+03, 9.07162170e+01,
    1.34999854e+03 ]
